#PATH-POINTS-START first stage
-143.821,-54.528,120,0
-141.823,-54.616,120
-139.825,-54.704,120
-137.826,-54.792,120
-135.828,-54.88,120
-133.83,-54.968,120
-131.832,-55.056,120
-129.834,-55.143,120
-127.836,-55.231,120
-125.838,-55.319,120
-123.84,-55.407,120
-121.842,-55.495,120
-119.844,-55.583,120
-117.846,-55.671,120
-115.848,-55.759,120
-113.85,-55.847,120
-111.852,-55.935,120
-109.854,-56.022,120
-107.855,-56.11,120
-105.857,-56.198,120
-103.859,-56.286,120
-101.861,-56.374,120
-99.863,-56.462,120
-97.865,-56.55,120
-95.867,-56.638,120
-93.869,-56.726,120
-91.871,-56.814,120
-89.873,-56.902,120
-87.875,-56.989,120
-85.877,-57.077,120
-83.879,-57.165,120
-81.881,-57.253,120
-79.883,-57.341,120
-77.884,-57.429,120
-75.886,-57.517,120
-73.888,-57.605,120
-71.89,-57.693,120
-69.892,-57.781,120
-67.894,-57.868,120
-65.896,-57.956,120
-63.898,-58.044,120
-61.9,-58.132,120
-60.761,-59.05,120,0
-60.741,-61.05,120
-60.721,-63.05,120
-60.701,-65.05,120
-60.679,-67.05,120
-60.658,-69.05,120
-60.636,-71.05,120
-60.613,-73.049,120
-60.59,-75.049,120
-60.566,-77.049,120
-60.541,-79.049,120
-60.516,-81.049,120
-60.491,-83.049,120
-60.464,-85.048,120
-60.437,-87.048,120
-60.409,-89.048,120
-60.38,-91.048,120
-60.35,-93.048,120
-60.319,-95.047,120
-60.288,-97.047,120
-60.255,-99.047,120
-60.221,-101.047,120
-60.186,-103.046,120
-60.15,-105.046,120
-60.113,-107.046,120
-60.075,-109.045,120
-60.035,-111.045,120
-59.995,-113.044,120
-59.955,-115.044,120
-59.921,-117.044,120
-59.916,-119.044,120
-60.94,-120.582,120,0
-62.358,-121.993,120
-63.807,-123.372,120
-65.292,-124.71,120
-66.817,-126.005,120
-68.379,-127.254,120
-69.981,-128.451,120
-71.623,-129.592,120
-73.305,-130.674,120
-75.029,-131.688,120
-76.793,-132.63,120
-78.598,-133.491,120
-80.443,-134.261,120
-82.327,-134.932,120
-84.246,-135.496,120
-86.195,-135.942,120
-88.17,-136.256,120
-90.161,-136.433,120
-92.161,-136.467,120
-94.156,-136.346,120
-96.138,-136.076,120
-98.091,-135.649,120
-100.007,-135.078,120
-101.875,-134.364,120
-103.687,-133.519,120
-105.439,-132.555,120
-107.127,-131.483,120
-108.749,-130.313,120
-110.305,-129.058,120
-111.797,-127.726,120
-113.228,-126.329,120
-114.597,-124.872,120
-115.909,-123.363,120
-117.17,-121.811,120
-118.153,-120.109,120,0
-118.656,-118.173,120
-119.159,-116.237,120
-119.661,-114.302,120
-120.164,-112.366,120
-120.667,-110.43,120
-121.17,-108.494,120
-121.673,-106.559,120
-122.176,-104.623,120
-122.679,-102.687,120
-123.182,-100.751,120
-123.685,-98.816,120
-124.188,-96.88,120
-124.691,-94.944,120
-125.193,-93.008,120
-125.696,-91.073,120
-126.199,-89.137,120
-126.702,-87.201,120
-127.205,-85.266,120
-127.708,-83.33,120
-128.211,-81.394,120
-128.714,-79.458,120
-129.217,-77.523,120
-129.72,-75.587,120
-130.223,-73.651,120
-130.725,-71.715,120
-131.228,-69.78,120
-131.731,-67.844,120
-132.234,-65.908,120
-132.737,-63.972,120
-133.24,-62.037,120
-133.743,-60.101,120
-134.246,-58.165,120
-134.749,-56.229,120
-135.252,-54.294,120
-135.755,-52.358,120
-136.258,-50.422,120
-136.76,-48.487,120
-137.263,-46.551,120
-137.766,-44.615,120
-138.269,-42.679,120
-138.772,-40.744,120
-139.275,-38.808,120
-139.778,-36.872,120
-140.281,-34.936,120
-140.784,-33.001,120
-141.287,-31.065,120
-141.79,-29.129,120
-142.292,-27.193,120
-142.795,-25.258,120
-143.298,-23.322,120
-143.801,-21.386,120
-144.304,-19.45,120
-144.807,-17.515,120
-145.31,-15.579,120
-145.813,-13.643,120
-146.316,-11.708,120
-146.819,-9.772,120
-147.322,-7.836,120
-147.825,-5.9,120
-148.327,-3.965,120
-148.83,-2.029,120
-149.333,-0.093,120,0
-148.241,1.251,120
-146.598,2.391,120
-144.955,3.532,120
-143.311,4.672,120
-141.668,5.812,120
-140.025,6.952,120
-138.382,8.092,120
-136.739,9.232,120
-135.096,10.373,120
-133.452,11.513,120
-131.809,12.653,120
-130.166,13.793,120
-128.523,14.933,120
-126.88,16.073,120
-125.237,17.214,120
-123.593,18.354,120
-121.95,19.494,120
-120.307,20.634,120
-118.664,21.774,120
-117.021,22.914,120
-115.377,24.055,120
-113.734,25.195,120
-112.091,26.335,120
-110.448,27.475,120
-108.805,28.615,120
-107.162,29.755,120
-105.518,30.896,120
-103.875,32.036,120
-102.232,33.176,120
-100.589,34.316,120
-98.946,35.456,120
-97.303,36.596,120
-95.659,37.737,120
-94.016,38.877,120
-92.373,40.017,120
-90.73,41.157,120
-89.087,42.297,120
-87.443,43.437,120
-85.8,44.577,120
-84.157,45.718,120
-82.514,46.858,120
-80.871,47.998,120
-79.228,49.138,120
-77.584,50.278,120
-75.941,51.418,120
-74.298,52.559,120
-72.655,53.699,120
-71.012,54.839,120
-69.369,55.979,120
-67.725,57.119,120
-66.082,58.259,120
-64.439,59.4,120
-62.796,60.54,120,0
-61.409,61.951,120
-60.191,63.537,120
-58.988,65.134,120
-57.801,66.744,120
-56.632,68.367,120
-55.483,70.004,120
-54.353,71.654,120
-53.247,73.321,120
-52.168,75.004,120
-51.115,76.705,120
-50.098,78.427,120
-49.114,80.168,120
-48.173,81.933,120
-47.281,83.723,120
-46.444,85.539,120
-45.671,87.383,120
-44.975,89.258,120
-44.372,91.164,120
-43.881,93.103,120
-43.527,95.071,120
-43.341,97.061,120
-43.357,99.06,120
-43.616,101.042,120
-44.147,102.968,120
-44.96,104.793,120
-46.034,106.478,120
-47.326,108.002,120
-48.782,109.372,120
-50.35,110.613,120
-51.988,111.761,120
-53.658,112.862,120
-55.321,113.972,120
-56.922,115.17,120
-58.342,116.573,120
-59.347,118.293,120,0
-60.756,119.69,120
-62.502,120.66,120
-64.351,121.422,120
-66.244,122.066,120
-68.161,122.635,120
-70.094,123.15,120
-72.036,123.628,120
-73.985,124.078,120
-75.938,124.507,120
-77.895,124.92,120
-79.854,125.321,120
-81.815,125.714,120
-83.777,126.101,120
-85.74,126.484,120
-87.704,126.865,120
-89.667,127.246,120
-91.63,127.628,120
-93.593,128.013,120
-95.555,128.402,120
-97.516,128.795,120
-99.475,129.195,120
-101.433,129.602,120
-103.39,130.018,120
-105.344,130.443,120
-107.296,130.878,120
-109.245,131.326,120
-111.192,131.786,120
-113.135,132.26,120
-115.074,132.751,120
-117.009,133.257,120
-118.938,133.782,120
-120.863,134.327,120
-122.781,134.893,120
-124.692,135.484,120
-126.595,136.099,120
-128.488,136.742,120
-130.371,137.416,120
-132.243,138.122,120
-134.1,138.863,120
-135.941,139.645,120
-137.762,140.471,120
-139.562,141.343,120
-141.335,142.268,120
-143.077,143.25,120
-144.782,144.296,120
-146.441,145.412,120
-148.045,146.607,120
-149.582,147.886,120
-151.037,149.257,120,0
-152.437,150.685,120
-153.842,152.108,120
-154.258,152.355,120
-152.925,150.864,120
-151.579,149.385,120
-150.228,147.91,120
-148.875,146.438,120
-147.519,144.967,120
-146.162,143.498,120
-144.804,142.03,120
-143.446,140.562,120
-142.087,139.095,120
-140.727,137.628,120
-139.367,136.162,120
-138.006,134.696,120
-136.645,133.23,120
-135.284,131.765,120
-133.922,130.3,120
-132.561,128.835,120
-131.199,127.37,120
-129.837,125.906,120
-128.475,124.441,120
-127.112,122.977,120
-125.75,121.513,120
-124.388,120.049,120
-123.025,118.585,120
-121.662,117.121,120
-120.299,115.657,120
-118.937,114.193,120
-117.574,112.729,120
-116.211,111.266,120
-114.848,109.802,120
-113.485,108.338,120
-112.122,106.875,120
-110.759,105.411,120
-109.396,103.948,120
-108.033,102.484,120
-106.67,101.02,120
-105.307,99.557,120
-103.944,98.093,120
-102.581,96.63,120
-101.218,95.166,120
-99.855,93.702,120
-98.492,92.239,120
-97.129,90.775,120
-95.766,89.311,120
-94.403,87.848,120
-93.04,86.384,120
-91.677,84.92,120
-90.314,83.456,120
-88.951,81.992,120
-87.589,80.529,120
-86.226,79.065,120
-84.863,77.601,120
-83.501,76.137,120
-82.138,74.673,120
-80.776,73.208,120
-79.414,71.744,120
-78.051,70.28,120
-76.689,68.816,120
-75.327,67.351,120
-73.965,65.887,120
-72.603,64.422,120
-71.241,62.958,120
-69.879,61.493,120
-68.517,60.028,120
-67.156,58.563,120
-65.794,57.098,120
-64.432,55.633,120
-63.071,54.168,120
-61.71,52.703,120
-60.349,51.237,120
-58.988,49.772,120
-57.627,48.306,120
-56.266,46.84,120
-54.906,45.375,120
-53.545,43.909,120
-52.185,42.442,120
-50.825,40.976,120
-49.465,39.51,120
-48.105,38.043,120
-46.745,36.576,120
-45.385,35.11,120
-44.026,33.643,120
-42.667,32.175,120
-40.192,29.503,120,0
-40.192,29.503,0,0
#PATH.JERRYIO-DATA {"appVersion":"0.8.3","format":"path.jerryio v0.1","gc":{"robotWidth":17.5,"robotHeight":17.5,"robotIsHolonomic":false,"showRobot":true,"uol":2.54,"pointDensity":0.7874015748031495,"controlMagnetDistance":1.968503937007874,"fieldImage":{"displayName":"V5RC 2025 - High Stakes","signature":"V5RC 2025 - High Stakes","origin":{"__type":"built-in"}},"coordinateSystem":"VEX Gaming Positioning System"},"paths":[{"segments":[{"controls":[{"uid":"7VmawCr8OI","x":-56.6223164022226,"y":-21.46775576865174,"lock":false,"visible":true,"heading":0,"__type":"end-point"},{"uid":"hYvhuYCdR7","x":-23.92491362047042,"y":-22.906279396287886,"lock":false,"visible":true,"heading":0,"__type":"end-point"}],"speedProfiles":[],"lookaheadKeyframes":[],"uid":"V96j203XUm"},{"controls":[{"uid":"hYvhuYCdR7","x":-23.92491362047042,"y":-22.906279396287886,"lock":false,"visible":true,"heading":0,"__type":"end-point"},{"uid":"t5i2JlCLjE","x":-23.691111009180375,"y":-47.22175097045236,"lock":false,"visible":true,"__type":"control"},{"uid":"JXimKcO4Xb","x":-23.444152074265084,"y":-47.18473747965714,"lock":false,"visible":true,"__type":"control"},{"uid":"diw39YkTwq","x":-23.684532847367752,"y":-47.18473747965714,"lock":false,"visible":true,"heading":0,"__type":"end-point"}],"speedProfiles":[],"lookaheadKeyframes":[],"uid":"XR5dBxPvs6"},{"controls":[{"uid":"diw39YkTwq","x":-23.684532847367752,"y":-47.18473747965714,"lock":false,"visible":true,"heading":0,"__type":"end-point"},{"uid":"p8pazM6qDB","x":-23.92491362047042,"y":-47.18473747965714,"lock":false,"visible":true,"__type":"control"},{"uid":"lPhW3pKFkM","x":-35.86226534371379,"y":-61.673494014101536,"lock":false,"visible":true,"__type":"control"},{"uid":"mYt23xLVQw","x":-46.45190281110574,"y":-47.536746927491535,"lock":false,"visible":true,"heading":0,"__type":"end-point"}],"speedProfiles":[],"lookaheadKeyframes":[],"uid":"fIEe267mCb"},{"controls":[{"uid":"mYt23xLVQw","x":-46.45190281110574,"y":-47.536746927491535,"lock":false,"visible":true,"heading":0,"__type":"end-point"},{"uid":"79a8IVRbkk","x":-58.843441209478016,"y":0.1589857756772308,"lock":false,"visible":true,"heading":0,"__type":"end-point"}],"speedProfiles":[],"lookaheadKeyframes":[],"uid":"3N0v1Qj42L"},{"controls":[{"uid":"79a8IVRbkk","x":-58.843441209478016,"y":0.1589857756772308,"lock":false,"visible":true,"heading":0,"__type":"end-point"},{"uid":"GzMtqJRaP3","x":-24.4744573498417,"y":24.006852127261613,"lock":false,"visible":true,"heading":0,"__type":"end-point"}],"speedProfiles":[],"lookaheadKeyframes":[],"uid":"6XjYFCr8mq"},{"controls":[{"uid":"GzMtqJRaP3","x":-24.4744573498417,"y":24.006852127261613,"lock":false,"visible":true,"heading":0,"__type":"end-point"},{"uid":"vPB7b9eRX9","x":-9.277287615988906,"y":43.412468864335175,"lock":false,"visible":true,"__type":"control"},{"uid":"rACNdnjD1c","x":-21.902628625651225,"y":42.94486364175509,"lock":false,"visible":true,"__type":"control"},{"uid":"2RLGhOzEAE","x":-23.305444293391485,"y":46.45190281110574,"lock":false,"visible":true,"heading":0,"__type":"end-point"}],"speedProfiles":[],"lookaheadKeyframes":[],"uid":"g95P3weo6m"},{"controls":[{"uid":"2RLGhOzEAE","x":-23.305444293391485,"y":46.45190281110574,"lock":false,"visible":true,"heading":0,"__type":"end-point"},{"uid":"hQh1so4Fqu","x":-24.708259961131745,"y":49.95894198045639,"lock":false,"visible":true,"__type":"control"},{"uid":"qOpwbJuHyJ","x":-51.361757648196644,"y":50.42654720303647,"lock":false,"visible":true,"__type":"control"},{"uid":"72Yn6Zz9Uo","x":-59.544849043348144,"y":58.843441209478016,"lock":false,"visible":true,"heading":0,"__type":"end-point"}],"speedProfiles":[],"lookaheadKeyframes":[],"uid":"K1mQ2uV9tv"},{"controls":[{"uid":"72Yn6Zz9Uo","x":-59.544849043348144,"y":58.843441209478016,"lock":false,"visible":true,"heading":0,"__type":"end-point"},{"uid":"aOG44HJVxB","x":-67.72794043849964,"y":67.26033521591955,"lock":false,"visible":true,"__type":"control"},{"uid":"n7J1ZkY7Jq","x":-37.68430488772913,"y":35.229377469183675,"lock":false,"visible":true,"__type":"control"},{"uid":"vu6pwPU1kg","x":-15.82376073211011,"y":11.615313728889335,"lock":false,"visible":true,"heading":0,"__type":"end-point"}],"speedProfiles":[],"lookaheadKeyframes":[],"uid":"MvDEOQJmNv"}],"pc":{"speedLimit":{"minLimit":{"value":0,"label":"0"},"maxLimit":{"value":600,"label":"600"},"step":1,"from":40,"to":120},"bentRateApplicableRange":{"minLimit":{"value":0,"label":"0"},"maxLimit":{"value":1,"label":"1"},"step":0.001,"from":0,"to":0}},"name":"first stage","uid":"KOm7n1I0GZ","lock":false,"visible":true}]}