#PATH-POINTS-START Path
-151.838,-58.388,120,0
-149.838,-58.427,120
-147.839,-58.465,120
-145.839,-58.504,120
-143.839,-58.542,120
-141.84,-58.58,120
-139.84,-58.619,120
-137.84,-58.657,120
-135.841,-58.696,120
-133.841,-58.734,120
-131.841,-58.773,120
-129.842,-58.811,120
-127.842,-58.85,120
-125.843,-58.888,120
-123.843,-58.927,120
-121.843,-58.965,120
-119.844,-59.003,120
-117.844,-59.042,120
-115.844,-59.08,120
-113.845,-59.119,120
-111.845,-59.157,120
-109.846,-59.196,120
-107.846,-59.234,120
-105.846,-59.273,120
-103.847,-59.311,120
-101.847,-59.35,120
-99.847,-59.388,120
-97.848,-59.426,120
-95.848,-59.465,120
-93.848,-59.503,120
-91.849,-59.542,120
-89.849,-59.58,120
-87.85,-59.619,120
-85.85,-59.657,120
-83.85,-59.696,120
-81.851,-59.734,120
-79.851,-59.773,120
-77.851,-59.811,120
-75.852,-59.849,120
-73.852,-59.888,120
-71.853,-59.926,120
-69.853,-59.965,120
-67.853,-60.003,120
-65.854,-60.042,120
-63.854,-60.08,120
-61.854,-60.119,120
-59.855,-60.157,120,0
-59.196,-61.511,120
-59.196,-63.511,120
-59.196,-65.511,120
-59.196,-67.511,120
-59.196,-69.511,120
-59.196,-71.511,120
-59.196,-73.511,120
-59.196,-75.511,120
-59.196,-77.511,120
-59.196,-79.511,120
-59.196,-81.511,120
-59.196,-83.511,120
-59.196,-85.511,120
-59.196,-87.511,120
-59.196,-89.511,120
-59.196,-91.511,120
-59.196,-93.511,120
-59.196,-95.511,120
-59.196,-97.511,120
-59.196,-99.511,120
-59.196,-101.511,120
-59.196,-103.511,120
-59.196,-105.511,120
-59.196,-107.511,120
-59.196,-109.511,120
-59.196,-111.511,120
-59.196,-113.511,120
-59.196,-115.511,120
-59.196,-117.511,120
-59.196,-119.511,120
-59.379,-121.488,120,0
-60.034,-123.377,120
-60.953,-125.151,120
-62.12,-126.773,120
-63.501,-128.217,120
-65.055,-129.474,120
-66.741,-130.548,120
-68.525,-131.451,120
-70.38,-132.197,120
-72.285,-132.804,120
-74.225,-133.29,120
-76.19,-133.663,120
-78.17,-133.939,120
-80.162,-134.123,120
-82.159,-134.228,120
-84.158,-134.254,120
-86.158,-134.212,120
-88.155,-134.102,120
-90.147,-133.929,120
-92.133,-133.695,120
-94.112,-133.402,120
-96.08,-133.05,120
-98.038,-132.64,120
-99.982,-132.171,120
-101.911,-131.642,120
-103.821,-131.051,120
-105.71,-130.393,120
-107.573,-129.666,120
-109.403,-128.861,120
-111.193,-127.969,120
-112.931,-126.98,120
-114.599,-125.877,120
-116.168,-124.639,120
-117.587,-123.232,120
-118.774,-121.626,120
-119.586,-119.804,120
-119.963,-117.841,120,0
-120.386,-115.886,120
-120.866,-113.945,120
-121.379,-112.012,120
-121.913,-110.084,120
-122.461,-108.161,120
-123.019,-106.24,120
-123.584,-104.322,120
-124.155,-102.405,120
-124.729,-100.489,120
-125.305,-98.574,120
-125.882,-96.659,120
-126.46,-94.744,120
-127.038,-92.83,120
-127.616,-90.915,120
-128.192,-89,120
-128.766,-87.084,120
-129.339,-85.168,120
-129.909,-83.251,120
-130.476,-81.333,120
-131.04,-79.414,120
-131.6,-77.494,120
-132.157,-75.573,120
-132.71,-73.651,120
-133.257,-71.727,120
-133.801,-69.803,120
-134.339,-67.876,120
-134.871,-65.949,120
-135.398,-64.019,120
-135.919,-62.088,120
-136.433,-60.155,120
-136.941,-58.221,120
-137.441,-56.284,120
-137.933,-54.346,120
-138.418,-52.406,120
-138.893,-50.463,120
-139.36,-48.518,120
-139.816,-46.571,120
-140.263,-44.622,120
-140.699,-42.669,120
-141.123,-40.715,120
-141.535,-38.758,120
-141.933,-36.798,120
-142.317,-34.835,120
-142.687,-32.87,120
-143.039,-30.901,120
-143.376,-28.93,120
-143.692,-26.955,120
-143.989,-24.977,120
-144.262,-22.996,120
-144.512,-21.011,120
-144.734,-19.024,120
-144.93,-17.033,120
-145.089,-15.04,120
-145.215,-13.044,120
-145.3,-11.046,120
-145.338,-9.046,120
-145.324,-7.046,120
-145.25,-5.048,120
-145.107,-3.053,120
-144.882,-1.066,120
-144.295,0.656,120,0
-142.348,1.113,120
-140.388,1.508,120
-138.417,1.844,120
-136.436,2.124,120
-134.449,2.348,120
-132.457,2.521,120
-130.461,2.646,120
-128.462,2.727,120
-126.463,2.767,120
-124.463,2.767,120
-122.463,2.729,120
-120.465,2.655,120
-118.468,2.548,120
-116.473,2.408,120
-114.48,2.238,120
-112.49,2.038,120
-110.503,1.811,120
-108.519,1.556,120
-106.539,1.276,120
-104.562,0.972,120
-102.589,0.644,120
-100.62,0.294,120
-98.655,-0.077,120
-96.693,-0.468,120
-94.736,-0.88,120
-92.783,-1.311,120
-90.834,-1.76,120
-88.89,-2.228,120
-86.949,-2.712,120
-85.013,-3.214,120
-83.082,-3.732,120
-81.154,-4.266,120
-79.231,-4.815,120
-77.313,-5.38,120
-75.398,-5.959,120
-73.489,-6.553,120
-71.583,-7.161,120
-69.683,-7.784,120
-67.786,-8.419,120
-65.895,-9.069,120
-64.008,-9.732,120
-62.125,-10.408,120
-60.248,-11.097,120
-58.375,-11.8,120
-56.508,-12.516,120
-54.646,-13.246,120
-52.789,-13.988,120
-50.937,-14.744,120
-49.091,-15.514,120
-47.252,-16.299,120
-45.418,-17.097,120
-43.591,-17.91,120
-41.771,-18.74,120
-39.959,-19.586,120
-38.156,-20.452,120
-36.362,-21.335,120
-34.58,-22.243,120
-32.811,-23.177,120
-31.06,-24.142,120
-29.332,-25.149,120
-27.643,-26.22,120
-26.039,-27.413,120
-25.692,-28.8,120
-27.672,-28.575,120
-29.61,-28.081,120
-31.523,-27.5,120
-33.421,-26.87,120
-35.308,-26.207,120
-36.629,-25.726,120,0
-36.629,-25.726,0,0
#PATH.JERRYIO-DATA {"appVersion":"0.8.3","format":"path.jerryio v0.1","gc":{"robotWidth":17.5,"robotHeight":17.5,"robotIsHolonomic":false,"showRobot":true,"uol":2.54,"pointDensity":0.7874015748031495,"controlMagnetDistance":1.968503937007874,"fieldImage":{"displayName":"V5RC 2025 - High Stakes","signature":"V5RC 2025 - High Stakes","origin":{"__type":"built-in"}},"coordinateSystem":"VEX Gaming Positioning System"},"paths":[{"segments":[{"controls":[{"uid":"H6FbSiPihD","x":-59.77865165463818,"y":-22.98747274203702,"lock":false,"visible":true,"heading":0,"__type":"end-point"},{"uid":"M42GWHdBXT","x":-23.30544429339149,"y":-23.68888057590715,"lock":false,"visible":true,"heading":0,"__type":"end-point"}],"speedProfiles":[],"lookaheadKeyframes":[],"uid":"CTbV5On4sI"},{"controls":[{"uid":"M42GWHdBXT","x":-23.30544429339149,"y":-23.68888057590715,"lock":false,"visible":true,"heading":0,"__type":"end-point"},{"uid":"1smMirmBkY","x":-23.30544429339149,"y":-47.536746927491535,"lock":false,"visible":true,"heading":0,"__type":"end-point"}],"speedProfiles":[],"lookaheadKeyframes":[],"uid":"bJSZ3nc2rz"},{"controls":[{"uid":"1smMirmBkY","x":-23.30544429339149,"y":-47.536746927491535,"lock":false,"visible":true,"heading":0,"__type":"end-point"},{"uid":"Osim6Ce9gd","x":-25.292766489356847,"y":-56.65504876780321,"lock":false,"visible":true,"__type":"control"},{"uid":"USzdNk70bz","x":-46.33500150546072,"y":-52.44660176458244,"lock":false,"visible":true,"__type":"control"},{"uid":"xkCJu7vSbi","x":-47.153310644975875,"y":-46.835339093621414,"lock":false,"visible":true,"heading":0,"__type":"end-point"}],"speedProfiles":[],"lookaheadKeyframes":[],"uid":"nWfqBRhii9"},{"controls":[{"uid":"xkCJu7vSbi","x":-47.153310644975875,"y":-46.835339093621414,"lock":false,"visible":true,"heading":0,"__type":"end-point"},{"uid":"ctY0dvlMnT","x":-47.97161978449103,"y":-41.22407642266039,"lock":false,"visible":true,"__type":"control"},{"uid":"TZpozo3UXa","x":-59.1208483751311,"y":-11.776781013269463,"lock":false,"visible":true,"__type":"control"},{"uid":"z3FVAySPbr","x":-56.93837655953191,"y":0.22681397252602023,"lock":false,"visible":true,"heading":0,"__type":"end-point"}],"speedProfiles":[],"lookaheadKeyframes":[],"uid":"oBfd5vyvgq"},{"controls":[{"uid":"z3FVAySPbr","x":-56.93837655953191,"y":0.22681397252602023,"lock":false,"visible":true,"heading":0,"__type":"end-point"},{"uid":"IcRZSsCRmZ","x":-35.9320853343898,"y":5.682993511523977,"lock":false,"visible":true,"__type":"control"},{"uid":"fzAiLTy51x","x":3.3524073463954704,"y":-16.687342598367636,"lock":false,"visible":true,"__type":"control"},{"uid":"SwMtSVWvuI","x":-14.420945064369851,"y":-10.12832912108466,"lock":false,"visible":true,"heading":0,"__type":"end-point"}],"speedProfiles":[],"lookaheadKeyframes":[],"uid":"a0yBRcXIhx"}],"pc":{"speedLimit":{"minLimit":{"value":0,"label":"0"},"maxLimit":{"value":600,"label":"600"},"step":1,"from":40,"to":120},"bentRateApplicableRange":{"minLimit":{"value":0,"label":"0"},"maxLimit":{"value":1,"label":"1"},"step":0.001,"from":0,"to":0.1}},"name":"Path","uid":"8oVhAklGav","lock":false,"visible":true}]}