#PATH-POINTS-START Path
-148.572,-64.327,120,0
-146.758,-65.169,120
-144.944,-66.011,120
-143.13,-66.854,120
-141.316,-67.696,120
-139.502,-68.539,120
-137.688,-69.381,120
-135.874,-70.223,120
-134.06,-71.066,120
-132.246,-71.908,120
-130.432,-72.75,120
-128.618,-73.593,120
-126.804,-74.435,120
-124.99,-75.277,120
-123.176,-76.12,120
-121.362,-76.962,120
-119.548,-77.804,120
-117.734,-78.647,120
-115.92,-79.489,120
-114.106,-80.331,120
-112.292,-81.174,120
-110.478,-82.016,120
-108.664,-82.859,120
-106.851,-83.701,120
-105.037,-84.543,120
-103.223,-85.386,120
-101.409,-86.228,120
-99.595,-87.07,120
-97.781,-87.913,120
-95.967,-88.755,120
-94.153,-89.597,120
-92.339,-90.44,120
-90.525,-91.282,120
-88.711,-92.124,120
-86.897,-92.967,120
-85.083,-93.809,120
-83.269,-94.651,120
-81.455,-95.494,120
-79.641,-96.336,120
-77.827,-97.179,120
-76.013,-98.021,120
-74.199,-98.863,120
-72.385,-99.706,120
-70.571,-100.548,120
-68.757,-101.39,120
-66.943,-102.233,120
-65.13,-103.075,120
-63.316,-103.917,120
-61.502,-104.76,120
-59.688,-105.602,120
-57.874,-106.444,120
-56.06,-107.287,120
-54.246,-108.129,120
-52.432,-108.972,120
-50.618,-109.814,120
-48.804,-110.656,120
-46.99,-111.499,120
-45.176,-112.341,120
-43.362,-113.183,120
-41.548,-114.026,120
-39.734,-114.868,120
-37.92,-115.71,120
-36.106,-116.553,120
-34.292,-117.395,120
-32.478,-118.237,120
-30.664,-119.08,120
-28.85,-119.922,120,0
-28.476,-120.439,120
-30.476,-120.421,120
-32.476,-120.403,120
-34.476,-120.384,120
-36.476,-120.366,120
-38.476,-120.348,120
-40.476,-120.329,120
-42.476,-120.311,120
-44.476,-120.293,120
-46.476,-120.274,120
-48.476,-120.256,120
-50.476,-120.238,120
-52.475,-120.219,120
-54.475,-120.201,120
-56.475,-120.183,120
-58.475,-120.164,120
-60.475,-120.151,120,0
-62.475,-120.161,120
-64.475,-120.171,120
-66.475,-120.181,120
-68.475,-120.191,120
-70.475,-120.201,120
-72.475,-120.211,120
-74.475,-120.22,120
-76.475,-120.23,120
-78.475,-120.24,120
-80.475,-120.25,120
-82.475,-120.26,120
-84.475,-120.27,120
-86.475,-120.279,120
-88.475,-120.289,120
-90.475,-120.299,120
-92.475,-120.309,120
-94.475,-120.319,120
-96.475,-120.329,120
-98.475,-120.339,120
-100.475,-120.348,120
-102.475,-120.358,120
-104.475,-120.368,120
-106.475,-120.378,120
-108.475,-120.388,120
-110.474,-120.398,120
-112.474,-120.408,120
-114.474,-120.417,120
-116.474,-120.427,120
-118.474,-120.437,120
-120.441,-120.526,120,0
-121.833,-121.962,120
-123.225,-123.398,120
-124.617,-124.834,120
-126.01,-126.269,120
-127.402,-127.705,120
-128.794,-129.141,120
-130.187,-130.577,120
-131.579,-132.013,120
-132.971,-133.448,120
-134.364,-134.884,120
-135.756,-136.32,120
-137.148,-137.756,120
-138.54,-139.192,120
-139.933,-140.627,120
-141.325,-142.063,120
-142.717,-143.499,120
-144.11,-144.935,120
-145.502,-146.371,120
-146.894,-147.806,120
-148.286,-149.242,120
-149.117,-148.705,120,0
-149.448,-146.733,120
-149.661,-144.745,120
-149.755,-142.748,120
-149.728,-140.748,120
-149.58,-138.754,120
-149.31,-136.773,120
-148.929,-134.81,120
-148.441,-132.87,120
-147.855,-130.959,120
-147.174,-129.078,120
-146.404,-127.233,120
-145.556,-125.422,120
-144.637,-123.646,120
-143.649,-121.907,120
-142.6,-120.204,120
-141.498,-118.535,120
-140.344,-116.902,120
-139.145,-115.302,120
-137.904,-113.732,120
-136.624,-112.196,120
-135.312,-110.687,120
-133.965,-109.209,120
-132.591,-107.755,120
-131.188,-106.33,120
-129.763,-104.927,120
-128.312,-103.55,120
-126.843,-102.193,120
-125.353,-100.859,120
-123.845,-99.545,120
-122.321,-98.25,120
-120.781,-96.974,120
-119.227,-95.715,120
-117.659,-94.473,120
-116.079,-93.248,120
-114.488,-92.036,120
-112.884,-90.84,120
-111.272,-89.658,120
-109.65,-88.487,120
-108.018,-87.331,120
-106.378,-86.186,120
-104.731,-85.051,120
-103.076,-83.928,120
-101.415,-82.815,120
-99.747,-81.711,120
-98.073,-80.617,120
-96.394,-79.53,120
-94.709,-78.452,120
-93.02,-77.382,120
-91.326,-76.318,120
-89.628,-75.261,120
-87.926,-74.21,120
-86.221,-73.165,120
-84.513,-72.125,120
-82.802,-71.089,120
-81.089,-70.057,120
-79.373,-69.03,120
-77.656,-68.005,120
-75.937,-66.982,120
-74.217,-65.962,120
-72.496,-64.942,120
-70.775,-63.924,120
-69.054,-62.905,120
-67.333,-61.885,120
-65.614,-60.864,120
-63.896,-59.84,120
-62.213,-58.767,120,0
-60.699,-57.46,120
-59.185,-56.154,120
-57.671,-54.847,120
-56.156,-53.54,120
-54.642,-52.233,120
-53.128,-50.927,120
-51.614,-49.62,120
-50.1,-48.313,120
-48.586,-47.007,120
-47.072,-45.7,120
-45.558,-44.393,120
-44.044,-43.087,120
-42.529,-41.78,120
-41.015,-40.473,120
-40.786,-40.275,120,0
-40.786,-40.275,0,0
#PATH.JERRYIO-DATA {"appVersion":"0.8.3","format":"path.jerryio v0.1","gc":{"robotWidth":17.5,"robotHeight":17.5,"robotIsHolonomic":false,"showRobot":true,"uol":2.54,"pointDensity":0.7874015748031495,"controlMagnetDistance":1.968503937007874,"fieldImage":{"displayName":"V5RC 2025 - High Stakes","signature":"V5RC 2025 - High Stakes","origin":{"__type":"built-in"}},"coordinateSystem":"VEX Gaming Positioning System"},"paths":[{"segments":[{"controls":[{"uid":"cJRT14sDeg","x":-58.49273729254295,"y":-25.32549885493745,"lock":false,"visible":true,"heading":0,"__type":"end-point"},{"uid":"OGivZzYljn","x":-10.913905895019207,"y":-47.41984562184651,"lock":false,"visible":true,"heading":0,"__type":"end-point"}],"speedProfiles":[],"lookaheadKeyframes":[],"uid":"426O3SHcRo"},{"controls":[{"uid":"OGivZzYljn","x":-10.913905895019207,"y":-47.41984562184651,"lock":false,"visible":true,"heading":0,"__type":"end-point"},{"uid":"qry1dqMJIi","x":-23.65614821032655,"y":-47.30294431620149,"lock":false,"visible":true,"heading":0,"__type":"end-point"}],"speedProfiles":[],"lookaheadKeyframes":[],"uid":"nhAHCU1O0J"},{"controls":[{"uid":"qry1dqMJIi","x":-23.65614821032655,"y":-47.30294431620149,"lock":false,"visible":true,"heading":0,"__type":"end-point"},{"uid":"YdOXGzUrCM","x":-47.387113256265906,"y":-47.41984562184651,"lock":false,"visible":true,"heading":0,"__type":"end-point"}],"speedProfiles":[],"lookaheadKeyframes":[],"uid":"IYqsGeF9iY"},{"controls":[{"uid":"YdOXGzUrCM","x":-47.387113256265906,"y":-47.41984562184651,"lock":false,"visible":true,"heading":0,"__type":"end-point"},{"uid":"VeDpp7Mc6I","x":-58.60963859818797,"y":-58.99307488070364,"lock":false,"visible":true,"heading":0,"__type":"end-point"}],"speedProfiles":[],"lookaheadKeyframes":[],"uid":"z9Mxqh7ceL"},{"controls":[{"uid":"VeDpp7Mc6I","x":-58.60963859818797,"y":-58.99307488070364,"lock":false,"visible":true,"heading":0,"__type":"end-point"},{"uid":"9PXIwP36Gg","x":-62.11667776753861,"y":-44.14660906378591,"lock":false,"visible":true,"__type":"control"},{"uid":"gxsZklgXVP","x":-38.61951533288929,"y":-31.63816935976861,"lock":false,"visible":true,"__type":"control"},{"uid":"2uxaStCOJN","x":-24.59135865548672,"y":-23.221275353327066,"lock":false,"visible":true,"heading":0,"__type":"end-point"}],"speedProfiles":[],"lookaheadKeyframes":[],"uid":"HRxb7s4Y48"},{"controls":[{"uid":"2uxaStCOJN","x":-24.59135865548672,"y":-23.221275353327066,"lock":false,"visible":true,"heading":0,"__type":"end-point"},{"uid":"o3o3r87hOX","x":-16.05756334340015,"y":-15.856493097690711,"lock":false,"visible":true,"heading":0,"__type":"end-point"}],"speedProfiles":[],"lookaheadKeyframes":[],"uid":"D1wPphpoyx"}],"pc":{"speedLimit":{"minLimit":{"value":0,"label":"0"},"maxLimit":{"value":600,"label":"600"},"step":1,"from":40,"to":120},"bentRateApplicableRange":{"minLimit":{"value":0,"label":"0"},"maxLimit":{"value":1,"label":"1"},"step":0.001,"from":0,"to":0.1}},"name":"Path","uid":"G1lICB16Em","lock":false,"visible":true}]}